MaxLoad = 5400.0
NumSegments = 5
TotalTime = 228.0
Mission Fuel Left = 199.916811412
[Segment 1]
    Distance = 0.2
    Speed = 1.0
    ClimbSegment = False
    ClimbRate = 0.0
    IdleSegment = 0.0
    IGE = True
    Altitude = 0.0
    DeltaTemp = 0.0
    CrewWeight = 400.0
    PayloadWeight = 5000.0
    MiscWeight = 0.0
    Density = 0.00237767900444
    DensityRatio = 1.0
    DeltaLoad = 5400.0
    95_powerAvail = 4431.83090674
    IGE Multiplier = 1.03643724696
    StartTime = 0
    Time = 12.0
    EndTime = 12.0
    Segment Fuel Used = 423.29691696
    Total Fuel = 423.29691696
[Segment 2]
    Distance = 5.33333333333
    Speed = 80.0
    ClimbSegment = True
    ClimbRate = 1000.0
    IdleSegment = 0.0
    IGE = False
    Altitude = 4000.0
    DeltaTemp = 0.0
    CrewWeight = 400.0
    PayloadWeight = 5000.0
    MiscWeight = 0.0
    Density = 0.00211644360524
    DensityRatio = 0.890130081182
    DeltaLoad = 0.0
    StartAltitude = 0.0
    95_powerAvail = 3941.77292716
    IGE Multiplier = 1.0
    StartTime = 12.0
    Time = 4.0
    EndTime = 16.0
    Segment Fuel Used = 75.6764195535
    Total Fuel = 498.973336513
[Segment 3]
    Distance = 490.0
    Speed = 150.0
    ClimbSegment = False
    ClimbRate = 0.0
    IdleSegment = 0.0
    IGE = False
    Altitude = 4000.0
    DeltaTemp = 0.0
    CrewWeight = 400.0
    PayloadWeight = 5000.0
    MiscWeight = 0.0
    Density = 0.00211644360524
    DensityRatio = 0.890130081182
    DeltaLoad = 0.0
    95_powerAvail = 3941.77292716
    IGE Multiplier = 1.0
    StartTime = 16.0
    Time = 196.0
    EndTime = 212.0
    Segment Fuel Used = 4928.62158883
    Total Fuel = 5427.59492534
[Segment 4]
    Distance = 3.33333333333
    Speed = 50.0
    ClimbSegment = True
    ClimbRate = 1000.0
    IdleSegment = 0.0
    IGE = False
    Altitude = 0.0
    DeltaTemp = 0.0
    CrewWeight = 400.0
    PayloadWeight = 5000.0
    MiscWeight = 0.0
    Density = 0.00237767900444
    DensityRatio = 1.0
    DeltaLoad = 0.0
    StartAltitude = 4000.0
    95_powerAvail = 4431.83090674
    IGE Multiplier = 1.0
    StartTime = 212.0
    Time = 4.0
    EndTime = 216.0
    Segment Fuel Used = 51.4738959081
    Total Fuel = 5479.06882125
[Segment 5]
    Distance = 0.2
    Speed = 1.0
    ClimbSegment = False
    ClimbRate = 0.0
    IdleSegment = 0.0
    IGE = True
    Altitude = 0.0
    DeltaTemp = 0.0
    CrewWeight = 400.0
    PayloadWeight = 5000.0
    MiscWeight = 0.0
    Density = 0.00237767900444
    DensityRatio = 1.0
    DeltaLoad = 0.0
    95_powerAvail = 4431.83090674
    IGE Multiplier = 1.03643724696
    StartTime = 216.0
    Time = 12.0
    EndTime = 228.0
    Segment Fuel Used = 321.014367338
    Total Fuel = 5800.08318859
